1003,3001,2002,20.20,5.20,14:05:2024,16:45
1032,3008,2001,23.45,5.40,27:03:2024,15:33
1030,3001,2001,24.00,5.20,17:07:2024,16:30
1019,3008,2008,26.70,5.40,30:05:2024,05:30
1013,3006,2003,29.80,5.10,24:05:2024,20:30
1006,3006,2005,33.40,5.10,17:05:2024,12:50
1022,3005,2006,34.80,4.80,02:06:2024,08:20
1016,3001,2010,39.00,5.20,27:05:2024,07:55
1011,3003,2008,40.90,5.00,22:05:2024,14:00
1025,3007,2009,41.30,4.70,05:06:2024,10:05
1031,3005,2001,45.21,4.80,17:11:2024,22:50
1007,3003,2003,45.70,5.00,18:05:2024,09:35
1020,3006,2005,47.90,5.10,31:05:2024,13:10
1001,3001,2001,50.50,5.20,12:05:2024,14:30
1014,3004,2004,53.10,5.30,25:05:2024,11:15
1010,3002,2001,55.20,4.90,21:05:2024,06:40
1023,3010,2002,58.20,5.30,03:06:2024,19:15
1004,3004,2004,60.80,5.30,15:05:2024,08:10
1017,3003,2007,64.50,5.00,28:05:2024,18:25
1012,3005,2005,67.30,4.80,23:05:2024,17:20
1009,3001,2007,72.60,5.20,20:05:2024,23:10
1002,3002,2003,75.00,4.90,13:05:2024,10:15
1021,3009,2011,75.40,5.20,01:06:2024,16:40
1015,3002,2009,80.60,4.90,26:05:2024,15:45
1008,3008,2006,88.10,5.40,19:05:2024,19:05
1024,3003,2012,89.50,5.00,04:06:2024,22:00
1005,3005,2001,90.30,4.80,16:05:2024,22:20
1018,3007,2002,91.20,4.70,29:05:2024,21:50
1035,3001,2005,125.00,5.20,14:07:2024,15:14
1026,3003,2010,145.00,5.00,14:10:2023,14:55
1028,3003,2008,145.00,5.00,26:08:2022,18:45
1038,3009,2005,158.00,5.20,14:06:2024,22:22
1036,3001,2004,174.00,5.20,12:05:2024,18:35
1033,3010,2006,200.00,5.30,14:12:2024,23:45
1034,3009,2002,300.00,5.90,12:01:2025,20:08
1037,3010,2004,410.00,5.80,18:02:2024,17:25
1027,3010,2001,487.00,5.80,25:02:2024,22:50
1029,3004,2006,745.00,5.90,07:03:2024,23:59
1039,3002,2022,78594.00,5.50,15:02:2024,12:00
1040,3005,2019,458.00,5.40,25:12:2024,14:00
